oh357 channel 54
 Time (Days),     Flux (Jy),       dFlux (Jy),
  0.701305230E+04  0.171603000E+03  0.205719103E+01
  0.702701430E+04  0.171968000E+03  0.488995894E+00
  0.704000290E+04  0.174283000E+03  0.307484244E+00
  0.705494070E+04  0.175414000E+03  0.104998936E+01
  0.705892700E+04  0.175140000E+03  0.173337718E+01
  0.706796990E+04  0.176081000E+03  0.159925684E+01
  0.709584540E+04  0.177840000E+03  0.151624633E+01
  0.712474660E+04  0.186880000E+03  0.643430973E+01
  0.714085160E+04  0.184007000E+03  0.292478135E+01
  0.719554690E+04  0.178602000E+03  0.707358141E+01
  0.719754720E+04  0.189715000E+03  0.376199129E+01
  0.720851710E+04  0.190726000E+03  0.310508844E+01
  0.722247900E+04  0.190562000E+03  0.466782877E+00
  0.723743800E+04  0.193873000E+03  0.702528178E+00
  0.725040250E+04  0.172109000E+03  0.240706187E+02
  0.726445480E+04  0.203928000E+03  0.413769274E+01
  0.726636990E+04  0.194363000E+03  0.594685426E+01
  0.727834640E+04  0.201875000E+03  0.183001439E+01
  0.729232280E+04  0.225532000E+03  0.175538240E+02
  0.732221510E+04  0.219034000E+03  0.845419806E+00
  0.733420800E+04  0.233282000E+03  0.106071506E+02
  0.734819200E+04  0.236458000E+03  0.828486262E+01
  0.736218450E+04  0.247257000E+03  0.132993058E+02
  0.737607640E+04  0.237798000E+03  0.218689822E+01
  0.739005950E+04  0.239455000E+03  0.688782364E+01
  0.740400450E+04  0.245437000E+03  0.754247061E+01
  0.741698900E+04  0.260031000E+03  0.601674715E+00
  0.743191270E+04  0.258734000E+03  0.843591537E+01
  0.744588730E+04  0.258108000E+03  0.166330966E+02
  0.745985640E+04  0.273428000E+03  0.919865263E+01
  0.748006460E+04  0.290493000E+03  0.411318556E+01
  0.749080110E+04  0.309089000E+03  0.783829639E+01
  0.750272220E+04  0.313044000E+03  0.418448529E+01
  0.751669180E+04  0.326717000E+03  0.863087075E+01
  0.751966120E+04  0.329370000E+03  0.928327389E+01
  0.753065680E+04  0.308806000E+03  0.187808018E+02
  0.755469800E+04  0.352627000E+03  0.835076448E+01
  0.757451790E+04  0.350083000E+03  0.793202350E+01
  0.758569070E+04  0.372673000E+03  0.704919911E+01
  0.759854570E+04  0.367932000E+03  0.623365646E+01
  0.761357570E+04  0.404919000E+03  0.211642339E+02
  0.762043100E+04  0.394441000E+03  0.649018444E+01
  0.762811020E+04  0.395312000E+03  0.281501083E+01
  0.764145560E+04  0.397523000E+03  0.243437380E+01
  0.764355480E+04  0.404439000E+03  0.336403633E+01
  0.765838180E+04  0.414755000E+03  0.627027944E+01
  0.767033880E+04  0.416680000E+03  0.289932537E+01
  0.767367380E+04  0.416949000E+03  0.180966454E+01
  0.768531060E+04  0.411922000E+03  0.753645452E+01
  0.770121180E+04  0.420275000E+03  0.407593458E+01
  0.771527650E+04  0.421964000E+03  0.581341519E+01
  0.772519830E+04  0.418970000E+03  0.107541329E+02
  0.774114820E+04  0.426116000E+03  0.598830364E+01
  0.775705360E+04  0.433639000E+03  0.416582147E-02
  0.776922780E+04  0.439334000E+03  0.501543511E+01
  0.778106910E+04  0.431342000E+03  0.326129737E+01
  0.778610840E+04  0.431547000E+03  0.307610564E+01
  0.779696130E+04  0.419123000E+03  0.153564711E+02
  0.781624970E+04  0.409482000E+03  0.241968590E+02
  0.783686500E+04  0.450428000E+03  0.182081638E+02
  0.785276780E+04  0.452133000E+03  0.213395486E+02
  0.785892410E+04  0.438815000E+03  0.862912061E+01
  0.788000270E+04  0.445860000E+03  0.179467290E+02
  0.790064900E+04  0.438794000E+03  0.133257099E+02
  0.791559080E+04  0.417042000E+03  0.657243107E+01
  0.793253780E+04  0.407118000E+03  0.143559351E+02
  0.797153400E+04  0.396776000E+03  0.198803456E+02
  0.797853470E+04  0.408738000E+03  0.710360189E+01
  0.799127450E+04  0.416322000E+03  0.189904764E+01
  0.799636090E+04  0.395337000E+03  0.185464514E+02
  0.800260240E+04  0.417330000E+03  0.408474388E+01
  0.800668980E+04  0.424036000E+03  0.111933943E+02
  0.801950790E+04  0.413393000E+03  0.173910813E+01
  0.802369740E+04  0.417401000E+03  0.611482718E+01
  0.803065830E+04  0.423554000E+03  0.128605697E+02
  0.804943940E+04  0.409938000E+03  0.764203868E+00
  0.807319720E+04  0.385465000E+03  0.218345329E+02
  0.808820500E+04  0.397270000E+03  0.879410773E+01
  0.810107940E+04  0.402132000E+03  0.279676649E+01
  0.810451410E+04  0.404726000E+03  0.116070614E+00
  0.811424630E+04  0.388611000E+03  0.150511849E+02
  0.812739180E+04  0.417351000E+03  0.150917025E+02
  0.814130880E+04  0.421612000E+03  0.210244365E+02
  0.814335350E+04  0.422635000E+03  0.223114535E+02
  0.814924460E+04  0.409570000E+03  0.100359138E+02
  0.816025190E+04  0.417730000E+03  0.197938291E+02
  0.819910870E+04  0.395226000E+03  0.433823499E+01
  0.820801110E+04  0.381149000E+03  0.785415899E+01
  0.821307730E+04  0.380842000E+03  0.705388155E+01
  0.823158850E+04  0.377525000E+03  0.614879985E+01
  0.824497940E+04  0.374126000E+03  0.636445250E+01
  0.824785290E+04  0.365613000E+03  0.141846336E+02
  0.826378890E+04  0.353691000E+03  0.222288487E+02
  0.828269380E+04  0.373736000E+03  0.242680670E+01
  0.828775970E+04  0.366943000E+03  0.314197791E+01
  0.830364040E+04  0.362415000E+03  0.389968586E+01
  0.830653640E+04  0.349430000E+03  0.162117114E+02
  0.831990860E+04  0.344062000E+03  0.185494495E+02
  0.832469510E+04  0.353881000E+03  0.768174540E+01
  0.833787390E+04  0.358778000E+03  0.152294304E-01
  0.835261100E+04  0.366325000E+03  0.104144972E+02
  0.836347550E+04  0.370806000E+03  0.168984678E+02
  0.837141400E+04  0.352436000E+03  0.609207147E-01
  0.838056520E+04  0.360476000E+03  0.956076573E+01
  0.839144150E+04  0.361033000E+03  0.119510851E+02
  0.840741970E+04  0.361591000E+03  0.151498302E+02
  0.842319440E+04  0.359783000E+03  0.159414844E+02
  0.843119700E+04  0.361376000E+03  0.188695669E+02
  0.843529320E+04  0.345469000E+03  0.365366241E+01
  0.844726060E+04  0.346332000E+03  0.657741087E+01
  0.846435550E+04  0.335691000E+03  0.970666925E+00
  0.847430110E+04  0.321351000E+03  0.134039848E+02
  0.848925040E+04  0.333726000E+03  0.202484651E+01
  0.850710670E+04  0.322992000E+03  0.470434672E+01
  0.851612110E+04  0.316659000E+03  0.886302132E+01
  0.852920200E+04  0.300545000E+03  0.216776318E+02
  0.855317920E+04  0.308750000E+03  0.713475857E+01
  0.856913000E+04  0.309279000E+03  0.230775634E+01
  0.857894410E+04  0.308398000E+03  0.558887739E+00
  0.859306970E+04  0.309129000E+03  0.388741403E+01
  0.860712010E+04  0.301400000E+03  0.284155438E+00
  0.862582470E+04  0.292497000E+03  0.477238728E+01
  0.863386030E+04  0.278700000E+03  0.168181757E+02
  0.864889830E+04  0.292818000E+03  0.288063176E+00
  0.866667720E+04  0.294452000E+03  0.488000087E+01
  0.870762140E+04  0.294246000E+03  0.903467236E+01
  0.872450550E+04  0.295849000E+03  0.117115115E+02
  0.874044820E+04  0.300384000E+03  0.170321291E+02
  0.877143800E+04  0.283525000E+03  0.145031231E+01
  0.878831150E+04  0.285915000E+03  0.461053682E+01
  0.880426310E+04  0.279645000E+03  0.744410582E+00
  0.882022280E+04  0.279404000E+03  0.214887187E+00
  0.883526480E+04  0.272452000E+03  0.525494244E+01
  0.885121270E+04  0.266744000E+03  0.898231842E+01
  0.886010770E+04  0.269473000E+03  0.498915328E+01
  0.887706460E+04  0.268615000E+03  0.317849190E+01
  0.889200640E+04  0.265904000E+03  0.331785459E+01
  0.890495560E+04  0.268283000E+03  0.140553597E+01
  0.891893880E+04  0.267447000E+03  0.317227515E+01
  0.893588810E+04  0.246456000E+03  0.146372876E+02
  0.896281240E+04  0.256002000E+03  0.192858034E+00
  0.897882610E+04  0.251845000E+03  0.165637588E+01
  0.899267870E+04  0.257697000E+03  0.631930401E+01
  0.900571250E+04  0.260614000E+03  0.110155890E+02
  0.902165220E+04  0.249907000E+03  0.218376794E+01
  0.903363970E+04  0.243362000E+03  0.316139839E+01
  0.905054130E+04  0.246330000E+03  0.120386323E+01
  0.906054170E+04  0.248835000E+03  0.437931396E+01
  0.907650380E+04  0.242905000E+03  0.711194479E+00
  0.908846250E+04  0.251833000E+03  0.866710900E+01
  0.910545880E+04  0.235228000E+03  0.754863529E+01
  0.911538600E+04  0.242432000E+03  0.247544882E+00
  0.912829470E+04  0.242999000E+03  0.308703754E+00
  0.913833860E+04  0.241196000E+03  0.160550173E+01
  0.915431130E+04  0.238480000E+03  0.467453237E+01
  0.917822100E+04  0.243200000E+03  0.864117673E+00
  0.919418510E+04  0.246301000E+03  0.137543369E+01
  0.920216060E+04  0.243647000E+03  0.178748299E+01
  0.921813550E+04  0.243928000E+03  0.268721764E+01
  0.923409480E+04  0.248668000E+03  0.652941830E+00
  0.925004210E+04  0.250136000E+03  0.495908885E+00
  0.926599870E+04  0.252325000E+03  0.826213480E+00
  0.927899230E+04  0.250409000E+03  0.277969533E+01
  0.929524900E+04  0.257043000E+03  0.151148407E+01
  0.930816040E+04  0.259695000E+03  0.211763894E+01
  0.931387990E+04  0.265682000E+03  0.714502314E+01
  0.932108590E+04  0.262303000E+03  0.250973589E+01
  0.932617130E+04  0.256317000E+03  0.439485555E+01
  0.933715470E+04  0.262007000E+03  0.779627949E+00
  0.934313390E+04  0.262107000E+03  0.186073442E+01
  0.934908540E+04  0.268757000E+03  0.357797949E+01
  0.935700360E+04  0.270092000E+03  0.324694020E+01
  0.936496910E+04  0.270617000E+03  0.203402756E+01
  0.937173850E+04  0.275645000E+03  0.553694769E+01
  0.937870620E+04  0.258386000E+03  0.133373536E+02
  0.938397020E+04  0.274448000E+03  0.147403089E+01
  0.938795750E+04  0.272709000E+03  0.122942393E+01
  0.939695900E+04  0.278785000E+03  0.261554113E+01
  0.940264620E+04  0.279426000E+03  0.180903537E+01
  0.940865560E+04  0.280277000E+03  0.109905683E+01
  0.941760330E+04  0.288023000E+03  0.646176353E+01
  0.942357670E+04  0.286687000E+03  0.349592880E+01
  0.943058100E+04  0.277396000E+03  0.774511917E+01
  0.943668090E+04  0.289550000E+03  0.267684692E+01
  0.944556510E+04  0.292077000E+03  0.262586571E+01
  0.945163450E+04  0.272925000E+03  0.183244873E+02
  0.945858980E+04  0.290690000E+03  0.265681508E+01
  0.946464130E+04  0.284442000E+03  0.107608556E+02
  0.947652700E+04  0.296270000E+03  0.266130615E+01
  0.948456080E+04  0.302491000E+03  0.978504288E+00
  0.949296530E+04  0.304501000E+03  0.236694889E+00
  0.949384910E+04  0.303741000E+03  0.815702290E+00
  0.950034640E+04  0.305958000E+03  0.766809163E+00
  0.950850710E+04  0.312104000E+03  0.260674116E+01
  0.951651900E+04  0.319308000E+03  0.703040483E+01
  0.952541830E+04  0.315863000E+03  0.422771793E+00
  0.953345260E+04  0.318526000E+03  0.157484808E+00
  0.954748790E+04  0.325425000E+03  0.175820133E+01
  0.956038810E+04  0.331484000E+03  0.272147646E+01
  0.956843130E+04  0.323955000E+03  0.810431771E+01
  0.957540680E+04  0.341593000E+03  0.659509950E+01
  0.958237760E+04  0.342619000E+03  0.460708874E+01
  0.959032590E+04  0.346945000E+03  0.539759111E+01
  0.959535180E+04  0.346666000E+03  0.282643005E+01
  0.960932110E+04  0.355582000E+03  0.512885311E+01
  0.961429150E+04  0.359474000E+03  0.657774206E+01
  0.962125130E+04  0.360514000E+03  0.411378244E+01
  0.962824910E+04  0.363194000E+03  0.316984431E+01
  0.964221660E+04  0.369685000E+03  0.211118948E+01
  0.964915090E+04  0.366623000E+03  0.486242697E+01
  0.966617030E+04  0.375384000E+03  0.618229969E+01
  0.967314760E+04  0.377253000E+03  0.862830236E+01
  0.968712550E+04  0.389892000E+03  0.487697377E+01
  0.969408010E+04  0.392097000E+03  0.718608908E+01
  0.969996220E+04  0.401149000E+03  0.198564864E+01
  0.971698620E+04  0.402349000E+03  0.120226951E+02
  0.973095780E+04  0.420771000E+03  0.281013611E+01
  0.973800730E+04  0.424575000E+03  0.360860374E+01
  0.974593970E+04  0.455847000E+03  0.225445683E+02
  0.975891800E+04  0.439075000E+03  0.241170537E+01
  0.976563810E+04  0.442476000E+03  0.312969441E+01
  0.977764700E+04  0.459763000E+03  0.704924756E+01
  0.978360310E+04  0.456612000E+03  0.511690136E+00
  0.979757620E+04  0.467756000E+03  0.413512449E+01
  0.981260180E+04  0.473750000E+03  0.281401918E+01
  0.981960110E+04  0.474240000E+03  0.208771745E+00
  0.982653000E+04  0.474578000E+03  0.230235710E+01
  0.983350850E+04  0.493141000E+03  0.136130100E+02
  0.984049030E+04  0.476264000E+03  0.569075245E+01
  0.985246280E+04  0.461310000E+03  0.242917465E+02
  0.986046070E+04  0.499686000E+03  0.120080741E+02
  0.986746290E+04  0.465136000E+03  0.241241386E+02
  0.988240560E+04  0.489655000E+03  0.225093850E+01
  0.989051180E+04  0.494706000E+03  0.177846535E+01
  0.989921920E+04  0.498328000E+03  0.462512616E+01
  0.990719050E+04  0.510553000E+03  0.164312385E+02
  0.991943920E+04  0.497291000E+03  0.306418175E+01
  0.992744980E+04  0.511758000E+03  0.178132831E+02
  0.994507100E+04  0.499810000E+03  0.745423859E+01
  0.995107820E+04  0.498609000E+03  0.709718088E+01
  0.995911240E+04  0.495025000E+03  0.488046641E+01
  0.996608130E+04  0.463245000E+03  0.254934506E+02
  0.997499530E+04  0.482393000E+03  0.425044211E+01
  0.998326540E+04  0.474100000E+03  0.103037683E+02
  0.999094740E+04  0.480835000E+03  0.123492290E+01
  0.100071862E+05  0.472031000E+03  0.439250003E+01
  0.100151674E+05  0.477099000E+03  0.373016357E+01
  0.100231444E+05  0.474164000E+03  0.398150663E+01
  0.100369627E+05  0.455642000E+03  0.881668860E+01
  0.100457755E+05  0.466262000E+03  0.551347131E+01
  0.100627357E+05  0.459509000E+03  0.581645040E+01
  0.100677153E+05  0.448566000E+03  0.311729594E+01
  0.100746909E+05  0.448095000E+03  0.851620807E+00
  0.100806851E+05  0.440492000E+03  0.619254147E+01
  0.100868677E+05  0.450264000E+03  0.580793523E+01
  0.100928723E+05  0.447426000E+03  0.501597185E+01
  0.101019601E+05  0.429580000E+03  0.999105907E+01
  0.101146271E+05  0.445250000E+03  0.902279089E+01
  0.101246626E+05  0.440444000E+03  0.626973323E+01
  0.101326495E+05  0.429253000E+03  0.371894295E+01
  0.101465254E+05  0.428071000E+03  0.384150539E+01
  0.101535863E+05  0.443722000E+03  0.117949520E+02
