oh3573 channel 56 
  Time (Days),     Flux (Jy),       dFlux (Jy),
  0.701305230E+04  0.117261000E+01  0.695483457E+00
  0.702701430E+04  0.137551000E+01  0.244838702E+00
  0.704000290E+04  0.935492000E+00  0.748750716E+00
  0.705494070E+04  0.181564000E+01  0.441861747E+00
  0.705892700E+04  0.159229000E+01  0.806927946E+00
  0.706796990E+04  0.239726000E+01  0.306120849E+00
  0.709584540E+04  0.422064000E+01  0.727422929E+00
  0.712474660E+04  0.515370000E+01  0.106824881E+01
  0.714085160E+04  0.500439000E+01  0.684661163E+00
  0.719554690E+04  0.404090000E+01  0.598664045E+00
  0.719754720E+04  0.429000000E+01  0.349200190E+00
  0.720851710E+04  0.544628000E+01  0.818234538E+00
  0.722247900E+04  0.368676000E+01  0.912146974E+00
  0.723743800E+04  0.401787000E+01  0.545043571E+00
  0.725040250E+04  0.303100000E+01  0.150885641E+01
  0.726445480E+04  0.534263000E+01  0.806514080E+00
  0.726636990E+04  0.398604000E+01  0.551985454E+00
  0.727834640E+04  0.490576000E+01  0.338916215E+00
  0.729232280E+04  0.480418000E+01  0.158831784E+00
  0.732221510E+04  0.479397000E+01  0.240029756E+00
  0.733420800E+04  0.694231000E+01  0.164539749E+01
  0.734819200E+04  0.588111000E+01  0.184245174E+00
  0.736218450E+04  0.769978000E+01  0.150137337E+01
  0.737607640E+04  0.845547000E+01  0.167551864E+01
  0.739005950E+04  0.835562000E+01  0.924529210E+00
  0.740400450E+04  0.567790000E+01  0.244998135E+01
  0.741698900E+04  0.104525000E+02  0.164938079E+01
  0.743191270E+04  0.962200000E+01  0.308344840E-01
  0.744588730E+04  0.868794000E+01  0.163368794E+01
  0.745985640E+04  0.569592000E+01  0.532986078E+01
  0.748006460E+04  0.138023000E+02  0.184132330E+01
  0.749080110E+04  0.108160000E+02  0.158493017E+01
  0.750272220E+04  0.110808000E+02  0.174932717E+01
  0.751669180E+04  0.138496000E+02  0.609772099E+00
  0.753065680E+04  0.112540000E+02  0.229653113E+01
  0.755469800E+04  0.166074000E+02  0.270551099E+01
  0.757451790E+04  0.146061000E+02  0.537100355E+00
  0.758569070E+04  0.176020000E+02  0.346789115E+01
  0.759854570E+04  0.188752000E+02  0.467807223E+01
  0.762043100E+04  0.144621000E+02  0.150886447E+00
  0.762811020E+04  0.163836000E+02  0.202034733E+01
  0.764145560E+04  0.133768000E+02  0.110418993E+01
  0.764355480E+04  0.109790000E+02  0.352444131E+01
  0.765838180E+04  0.153667000E+02  0.666359346E+00
  0.767033880E+04  0.144131000E+02  0.504476434E+00
  0.767367380E+04  0.149744000E+02  0.146555447E-01
  0.768531060E+04  0.133790000E+02  0.189861909E+01
  0.770121180E+04  0.168564000E+02  0.109994369E+01
  0.771527650E+04  0.167993000E+02  0.557042524E+00
  0.772519830E+04  0.162541000E+02  0.355675115E+00
  0.774114820E+04  0.136636000E+02  0.356205319E+01
  0.775705360E+04  0.171709000E+02  0.676629263E+00
  0.776922780E+04  0.187455000E+02  0.433171075E+00
  0.778106910E+04  0.192112000E+02  0.468467773E+00
  0.778610840E+04  0.199928000E+02  0.107608337E+01
  0.779696130E+04  0.191015000E+02  0.166104410E+00
  0.781624970E+04  0.151118000E+02  0.467682210E+01
  0.783686500E+04  0.217699000E+02  0.161507683E+01
  0.785276780E+04  0.162328000E+02  0.403907746E+01
  0.785892410E+04  0.253072000E+02  0.502834940E+01
  0.788000270E+04  0.250384000E+02  0.487868770E+01
  0.791559080E+04  0.189960000E+02  0.558013280E+00
  0.793253780E+04  0.170839000E+02  0.205365644E+01
  0.797153400E+04  0.157136000E+02  0.230604411E+01
  0.797853470E+04  0.179574000E+02  0.146352495E+00
  0.799127450E+04  0.220469000E+02  0.461024867E+01
  0.799636090E+04  0.167408000E+02  0.549997689E+00
  0.800260240E+04  0.210500000E+02  0.393404803E+01
  0.800668980E+04  0.198800000E+02  0.287558548E+01
  0.801950790E+04  0.127846000E+02  0.388689335E+01
  0.802369740E+04  0.120399000E+02  0.452844208E+01
  0.803065830E+04  0.180501000E+02  0.164683708E+01
  0.804943940E+04  0.152757000E+02  0.722531900E+00
  0.807319720E+04  0.153247000E+02  0.249315806E+00
  0.810107940E+04  0.109736000E+02  0.423573630E+01
  0.810451410E+04  0.152112000E+02  0.363930279E-01
  0.811424630E+04  0.182245000E+02  0.313475515E+01
  0.812739180E+04  0.151276000E+02  0.122170630E+00
  0.814130880E+04  0.150534000E+02  0.978970240E-01
  0.814335350E+04  0.128059000E+02  0.214574771E+01
  0.814924460E+04  0.160279000E+02  0.108229807E+01
  0.816025190E+04  0.115633000E+02  0.339140870E+01
  0.820801110E+04  0.164016000E+02  0.113070867E+01
  0.821307730E+04  0.208963000E+02  0.557553986E+01
  0.822902410E+04  0.133398000E+02  0.214159932E+01
  0.823158850E+04  0.132610000E+02  0.224592979E+01
  0.824497940E+04  0.162781000E+02  0.644267884E+00
  0.824785290E+04  0.198282000E+02  0.416916966E+01
  0.826378890E+04  0.149990000E+02  0.779541818E+00
  0.828269380E+04  0.175227000E+02  0.166498632E+01
  0.828775970E+04  0.121812000E+02  0.368264109E+01
  0.830364040E+04  0.195688000E+02  0.373687057E+01
  0.830653640E+04  0.169291000E+02  0.111230078E+01
  0.831990860E+04  0.157086000E+02  0.397672272E-02
  0.832469510E+04  0.170491000E+02  0.140291011E+01
  0.833787390E+04  0.127000000E+02  0.273015704E+01
  0.835261100E+04  0.142066000E+02  0.885682561E+00
  0.836347550E+04  0.114836000E+02  0.330439426E+01
  0.837141400E+04  0.997155000E+01  0.456983008E+01
  0.838056520E+04  0.176012000E+02  0.336488587E+01
  0.839144150E+04  0.123255000E+02  0.152576496E+01
  0.840741970E+04  0.135040000E+02  0.246180040E+00
  0.842319440E+04  0.119088000E+02  0.753444506E+00
  0.843119700E+04  0.113622000E+02  0.100228058E+01
  0.843529320E+04  0.152807000E+02  0.306602218E+01
  0.844726060E+04  0.129098000E+02  0.111772286E+01
  0.846435550E+04  0.125983000E+02  0.135342259E+01
  0.847430110E+04  0.115883000E+02  0.620041429E+00
  0.848925040E+04  0.129329000E+02  0.230602957E+01
  0.850710670E+04  0.850348000E+01  0.185881382E+01
  0.851612110E+04  0.102428000E+02  0.492830040E-01
  0.852920200E+04  0.943585000E+01  0.820699445E+00
  0.855317920E+04  0.126860000E+02  0.232946793E+01
  0.856913000E+04  0.106752000E+02  0.165820941E+00
  0.857894410E+04  0.977346000E+01  0.852307734E+00
  0.859306970E+04  0.745792000E+01  0.335246240E+01
  0.860712010E+04  0.982146000E+01  0.117829798E+01
  0.862582470E+04  0.906668000E+01  0.216684022E+01
  0.863386030E+04  0.141795000E+02  0.286030733E+01
  0.864889830E+04  0.119978000E+02  0.555858133E+00
  0.866667720E+04  0.102713000E+02  0.123000221E+01
  0.870762140E+04  0.146642000E+02  0.343298634E+01
  0.872450550E+04  0.981670000E+01  0.117605554E+01
  0.874044820E+04  0.110497000E+02  0.326702555E+00
  0.877143800E+04  0.901966000E+01  0.111162060E+01
  0.878831150E+04  0.123371000E+02  0.253398551E+01
  0.880426310E+04  0.107158000E+02  0.120644513E+01
  0.882022280E+04  0.837043000E+01  0.876189295E+00
  0.883526480E+04  0.861369000E+01  0.427114007E+00
  0.885121270E+04  0.659465000E+01  0.227895859E+01
  0.886010770E+04  0.902914000E+01  0.228193919E+00
  0.887706460E+04  0.104420000E+02  0.174444820E+01
  0.889200640E+04  0.651776000E+01  0.212079506E+01
  0.890495560E+04  0.837862000E+01  0.228062381E+00
  0.891893880E+04  0.965603000E+01  0.106860332E+01
  0.893588810E+04  0.750193000E+01  0.107606764E+01
  0.896281240E+04  0.827670000E+01  0.296273756E+00
  0.897882610E+04  0.921849000E+01  0.655577300E+00
  0.899267870E+04  0.824617000E+01  0.296435212E+00
  0.900571250E+04  0.901348000E+01  0.504093562E+00
  0.902165220E+04  0.865769000E+01  0.207159871E+00
  0.903363970E+04  0.786322000E+01  0.532209882E+00
  0.905054130E+04  0.820823000E+01  0.975364909E-01
  0.906054170E+04  0.914563000E+01  0.897686112E+00
  0.907650380E+04  0.781077000E+01  0.340641110E+00
  0.908846250E+04  0.101033000E+02  0.202541164E+01
  0.910545880E+04  0.814004000E+01  0.164550842E+00
  0.911538600E+04  0.713063000E+01  0.788006952E+00
  0.912829470E+04  0.766005000E+01  0.189975157E+00
  0.913833860E+04  0.682431000E+01  0.977811207E+00
  0.915431130E+04  0.693012000E+01  0.808530948E+00
  0.917822100E+04  0.903504000E+01  0.135482081E+01
  0.919418510E+04  0.768372000E+01  0.165699506E-01
  0.920216060E+04  0.734650000E+01  0.321731923E+00
  0.921813550E+04  0.763955000E+01  0.457912327E-01
  0.923409480E+04  0.717674000E+01  0.545185407E+00
  0.925004210E+04  0.881532000E+01  0.103787131E+01
  0.926599870E+04  0.827441000E+01  0.422924164E+00
  0.927899230E+04  0.873351000E+01  0.808421072E+00
  0.929524900E+04  0.697737000E+01  0.105620133E+01
  0.930816040E+04  0.595608000E+01  0.217631282E+01
  0.931387990E+04  0.925480000E+01  0.107512327E+01
  0.932108590E+04  0.794746000E+01  0.294806262E+00
  0.932617130E+04  0.697957000E+01  0.130886882E+01
  0.933715470E+04  0.827637000E+01  0.117125497E+00
  0.934313390E+04  0.711816000E+01  0.133512576E+01
  0.934908540E+04  0.944618000E+01  0.931934116E+00
  0.935700360E+04  0.921852000E+01  0.621430965E+00
  0.936496910E+04  0.733018000E+01  0.135161705E+01
  0.937173850E+04  0.927977000E+01  0.525420197E+00
  0.937870620E+04  0.834151000E+01  0.487576927E+00
  0.938397020E+04  0.941150000E+01  0.526182319E+00
  0.938795750E+04  0.993462000E+01  0.100698526E+01
  0.939695900E+04  0.828923000E+01  0.732579768E+00
  0.940264620E+04  0.106503000E+02  0.157031357E+01
  0.940865560E+04  0.100182000E+02  0.878188992E+00
  0.941760330E+04  0.109575000E+02  0.173150413E+01
  0.942357670E+04  0.853686000E+01  0.743851539E+00
  0.943058100E+04  0.101267000E+02  0.785027227E+00
  0.943668090E+04  0.102673000E+02  0.875694987E+00
  0.944556510E+04  0.112310000E+02  0.177260173E+01
  0.945163450E+04  0.933929000E+01  0.160256010E+00
  0.945858980E+04  0.998714000E+01  0.445371343E+00
  0.946464130E+04  0.804842000E+01  0.152546034E+01
  0.947652700E+04  0.908903000E+01  0.534173765E+00
  0.948456080E+04  0.978012000E+01  0.134848117E+00
  0.949296530E+04  0.823380000E+01  0.142393289E+01
  0.949384910E+04  0.858498000E+01  0.107340243E+01
  0.950034640E+04  0.818156000E+01  0.147799066E+01
  0.950850710E+04  0.893202000E+01  0.721054167E+00
  0.951651900E+04  0.943708000E+01  0.202747651E+00
  0.952541830E+04  0.859015000E+01  0.102915940E+01
  0.953345260E+04  0.919421000E+01  0.403313385E+00
  0.954748790E+04  0.101129000E+02  0.555276543E+00
  0.956038810E+04  0.109095000E+02  0.138352657E+01
  0.956843130E+04  0.106159000E+02  0.110379497E+01
  0.957540680E+04  0.982766000E+01  0.322231539E+00
  0.958237760E+04  0.988085000E+01  0.375870681E+00
  0.959032590E+04  0.101459000E+02  0.632342357E+00
  0.959535180E+04  0.100887000E+02  0.563962192E+00
  0.960932110E+04  0.857199000E+01  0.101143770E+01
  0.961429150E+04  0.918118000E+01  0.434242069E+00
  0.962125130E+04  0.103394000E+02  0.668133377E+00
  0.962824910E+04  0.944472000E+01  0.296780305E+00
  0.964221660E+04  0.106308000E+02  0.702143670E+00
  0.964915090E+04  0.104054000E+02  0.358221763E+00
  0.966617030E+04  0.105847000E+02  0.166525525E+00
  0.967314760E+04  0.924293000E+01  0.135960135E+01
  0.968712550E+04  0.126065000E+02  0.158615117E+01
  0.969408010E+04  0.102307000E+02  0.101854163E+01
  0.969996220E+04  0.972457000E+01  0.172764055E+01
  0.971698620E+04  0.754357000E+01  0.453551842E+01
  0.973095780E+04  0.138251000E+02  0.119980831E+01
  0.973800730E+04  0.151888000E+02  0.228133744E+01
  0.974593970E+04  0.159580000E+02  0.273038861E+01
  0.975891800E+04  0.137682000E+02  0.165096365E-01
  0.976563810E+04  0.178862000E+02  0.386577250E+01
  0.977764700E+04  0.944014000E+01  0.505060779E+01
  0.978360310E+04  0.173380000E+02  0.262070637E+01
  0.979757620E+04  0.142696000E+02  0.954925037E+00
  0.981260180E+04  0.134561000E+02  0.226433735E+01
  0.981960110E+04  0.158579000E+02  0.718173824E-01
  0.982653000E+04  0.177804000E+02  0.165909274E+01
  0.983350850E+04  0.138258000E+02  0.247396648E+01
  0.984049030E+04  0.158136000E+02  0.653467920E+00
  0.985246280E+04  0.152270000E+02  0.151037243E+01
  0.986046070E+04  0.197901000E+02  0.287674414E+01
  0.986746290E+04  0.163386000E+02  0.730457211E+00
  0.988240560E+04  0.176169000E+02  0.194290021E+00
  0.989051180E+04  0.197513000E+02  0.211556759E+01
  0.989921920E+04  0.178396000E+02  0.494084922E-01
  0.990719050E+04  0.204090000E+02  0.226058968E+01
  0.991943920E+04  0.240839000E+02  0.547384225E+01
  0.992744980E+04  0.164153000E+02  0.254552198E+01
  0.994507100E+04  0.181744000E+02  0.172207002E+01
  0.995107820E+04  0.170973000E+02  0.317707094E+01
  0.995911240E+04  0.173160000E+02  0.351649416E+01
  0.996608130E+04  0.183068000E+02  0.306227862E+01
  0.997499530E+04  0.228722000E+02  0.740181355E+00
  0.100071862E+05  0.306523000E+02  0.499049036E+01
  0.100151674E+05  0.249896000E+02  0.170032798E+01
  0.100231444E+05  0.311144000E+02  0.336328881E+01
  0.100457755E+05  0.302165000E+02  0.604192138E+00
  0.100627357E+05  0.354654000E+02  0.243538680E+01
  0.100868677E+05  0.356604000E+02  0.858346411E-01
  0.100928723E+05  0.319859000E+02  0.431867693E+01
  0.101146271E+05  0.400069000E+02  0.221693349E+01
  0.101246626E+05  0.322344000E+02  0.590091885E+01
  0.101326495E+05  0.426558000E+02  0.442551972E+01
  0.101465254E+05  0.382693000E+02  0.298043244E+00
  0.101535863E+05  0.405686000E+02  0.295523514E+01
